Modelo: CA-Dwarfs-Lamost-MR
batchSize: 16
epochs: 100
Accuracy: 36.14689269526288%
MSE: 0.0026462588559502827
MAE: 0.038960230112952465
MedAE: 0.03083583779335022
MAPE: 359.57439317650943%
---------------------------

Modelo: CA-Dwarfs-Lamost-MR
batchSize: 16
epochs: 300
Accuracy: 37.64676996312117%
MSE: 0.002584099570827849
MAE: 0.03736326842205772
MedAE: 0.028167042033672346
MAPE: 254.25237473908834%
---------------------------

