Modelo: C-Dwarfs-Lamost-MR
batchSize: 16
epochs: 100
Accuracy: 24.85309176086321%
MSE: 0.0038060433118355837
MAE: 0.04314731270672765
MedAE: 0.032834852529242634
MAPE: 316.356748177795%
---------------------------

Modelo: C-Dwarfs-Lamost-MR
batchSize: 16
epochs: 100
Accuracy: 25.09669837119978%
MSE: 0.003793705115471737
MAE: 0.04311177511144274
MedAE: 0.03246702680706978
MAPE: 298.0559117269445%
---------------------------

