Modelo: C-Dwarfs-Lamost-MR
batchSize: 16
epochs: 100
Accuracy: 23.03311163995705%
MSE: 0.0038982217304713226
MAE: 0.04402163129209875
MedAE: 0.03319570153713225
MAPE: 370.2104952270406%
---------------------------

Modelo: C-Dwarfs-Lamost-MR
batchSize: 16
epochs: 200
Accuracy: 24.0285252623718%
MSE: 0.0038478059855141856
MAE: 0.04342351319574144
MedAE: 0.03161111037611961
MAPE: 309.85685021100977%
---------------------------

