Modelo: FEH-Dwarfs-Lamost-MR
batchSize: 32
epochs: 100
Accuracy: 70.73762078189854%
MSE: 0.014883575347518104
MAE: 0.09090963974697126
MedAE: 0.0718661897778511
MAPE: 143890044059708.0%
---------------------------

