Modelo: NI-Dwarfs-Lamost-MR
batchSize: 16
epochs: 100
Accuracy: 11.270635221493075%
MSE: 0.000856200467972295
MAE: 0.023355852216952508
MedAE: 0.019154907509684564
MAPE: 687.7863053519677%
---------------------------

Modelo: NI-Dwarfs-Lamost-MR
batchSize: 64
epochs: 400
Accuracy: 11.827330637845556%
MSE: 0.000850828595005675
MAE: 0.022969835945486135
MedAE: 0.01840370417714119
MAPE: 667.5167816383431%
---------------------------

