Modelo: N-Dwarfs-Lamost-MR
batchSize: 16
epochs: 100
Accuracy: 34.640040418128436%
MSE: 0.008328861011764787
MAE: 0.06787812919493477
MedAE: 0.05286562243461609
MAPE: 415.0530408578103%
---------------------------

