Modelo: TEFF-Dwarfs-Lamost-MR
batchSize: 32
epochs: 100
Accuracy: 85.28786591960117%
MSE: 0.007965612257372079
MAE: 0.06241380762044375
MedAE: 0.0457848238032903
MAPE: 707.7083719076478%
---------------------------

Modelo: TEFF-Dwarfs-Lamost-MR
batchSize: 32
epochs: 200
Accuracy: 85.6661410663009%
MSE: 0.007760802191834062
MAE: 0.06234828463016123
MedAE: 0.04890000189882038
MAPE: 610.6676761787893%
---------------------------

