Modelo: CAFE-Dwarfs
batchSize: 64
epochs: 300
R2: 31.54073316795999%
MSE: 0.002837151530646174
MAE: 0.041551000093630636
MedAE: 0.034831788959503174
MAPE: 446.096914545174%
---------------------------

