Modelo: CFE-Dwarfs
batchSize: 32
epochs: 200
R2: 19.504492749853352%
MSE: 0.004076939346956061
MAE: 0.045430187560036334
MedAE: 0.03526591784954071
MAPE: 386.5960556628972%
---------------------------

Modelo: CFE-Dwarfs
batchSize: 64
epochs: 300
R2: 21.439350178067173%
MSE: 0.003978942618327199
MAE: 0.04328194861857416
MedAE: 0.03260575658321381
MAPE: 251.23777577467146%
---------------------------

