Modelo: FEH-Dwarfs
batchSize: 64
epochs: 350
R2: 67.67069393509803%
MSE: 0.016443490775770255
MAE: 0.09627040404410889
MedAE: 0.07313969546556473
MAPE: 126850766417495.0%
---------------------------

Modelo: FEH-Dwarfs
batchSize: 128
epochs: 350
R2: 68.52309956992906%
MSE: 0.016009936026236803
MAE: 0.09424397093848942
MedAE: 0.07504248434305191
MAPE: 146183211847761.06%
---------------------------

Modelo: FEH-Dwarfs
batchSize: 32
epochs: 150
R2: 68.91505778874618%
MSE: 0.015810576307761323
MAE: 0.09515967386383839
MedAE: 0.07895439374446869
MAPE: 183080955264013.62%
---------------------------

