Modelo: MGFE-Dwarfs
batchSize: 64
epochs: 300
R2: 37.74967882361001%
MSE: 0.005360269032411117
MAE: 0.05359098587899574
MedAE: 0.037440225353240965
MAPE: 332.1520372547172%
---------------------------

