Modelo: NFE-Dwarfs
batchSize: 64
epochs: 300
R2: 30.054739553683905%
MSE: 0.008913168802672235
MAE: 0.07111800492569803
MedAE: 0.05435665618538857
MAPE: 381.0949790477586%
---------------------------

