Modelo: NIFE-Dwarfs
batchSize: 64
epochs: 300
R2: 10.905897219810058%
MSE: 0.0008597200338849761
MAE: 0.023158795925760624
MedAE: 0.01819469541370869
MAPE: 714.3684808987698%
---------------------------

