Modelo: SIFE-Dwarfs
batchSize: 64
epochs: 300
R2: 37.180180395017906%
MSE: 0.002795458584293353
MAE: 0.04180518418055404
MedAE: 0.03571766022957861
MAPE: 286.866165062643%
---------------------------

