Modelo: TEFF-Dwarfs
batchSize: 32
epochs: 200
R2: 85.70102733382654%
MSE: 17758.175745473887
MAE: 94.4470036268556
MedAE: 70.28529296874967
MAPE: 1.6945997109546336%
---------------------------

